Arc Length	Comp 22 of Stress
		0	-1.9744264533203e+05
 5.0000000000000e-02	-1.9687385333905e+05
 1.0000000000000e-01	-1.9630505269931e+05
 1.5000000000000e-01	-1.9573625096809e+05
 2.0000000000000e-01	-1.9514547432903e+05
 2.5000000000000e-01	-1.9403527349038e+05
 3.0000000000000e-01	-1.9292508952341e+05
 3.5000000000000e-01	-1.9181492242812e+05
 4.0000000000000e-01	-1.9070471563687e+05
 4.5000000000000e-01	-1.8959362632361e+05
 5.0000000000000e-01	-1.8848254927624e+05
 5.5000000000000e-01	-1.8737148449479e+05
 6.0000000000000e-01	-1.8626035814583e+05
 6.5000000000000e-01	-1.8514852411431e+05
 7.0000000000000e-01	-1.8403669830932e+05
 7.5000000000000e-01	-1.8292488073084e+05
 8.0000000000000e-01	-1.8181299461165e+05
 8.5000000000000e-01	-1.8070055701027e+05
 9.0000000000000e-01	-1.7958812448270e+05
 9.5000000000000e-01	-1.7847569702893e+05
		1	-1.7736318995044e+05
 1.0500000000000e+00	-1.7625018489588e+05
 1.1000000000000e+00	-1.7513718314791e+05
 1.1500000000000e+00	-1.7402418470655e+05
 1.2000000000000e+00	-1.7291111671753e+05
 1.2500000000000e+00	-1.7179767550335e+05
 1.3000000000000e+00	-1.7068423679422e+05
 1.3500000000000e+00	-1.6957080059012e+05
 1.4000000000000e+00	-1.6845732626159e+05
 1.4500000000000e+00	-1.6734366228158e+05
 1.5000000000000e+00	-1.6623000073352e+05
 1.5500000000000e+00	-1.6511634161741e+05
 1.6000000000000e+00	-1.6400259209008e+05
 1.6500000000000e+00	-1.6288845865345e+05
 1.7000000000000e+00	-1.6177432812741e+05
 1.7500000000000e+00	-1.6066020051195e+05
 1.8000000000000e+00	-1.5954607564905e+05
 1.8500000000000e+00	-1.5843195188280e+05
 1.9000000000000e+00	-1.5731783179265e+05
 1.9500000000000e+00	-1.5620371537861e+05
		2	-1.5508955689565e+05
 2.0500000000000e+00	-1.5397524323753e+05
 2.1000000000000e+00	-1.5286093371402e+05
 2.1500000000000e+00	-1.5174662832510e+05
 2.2000000000000e+00	-1.5063233553774e+05
 2.2500000000000e+00	-1.4951807337687e+05
 2.3000000000000e+00	-1.4840381508937e+05
 2.3500000000000e+00	-1.4728956067524e+05
 2.4000000000000e+00	-1.4617535077180e+05
 2.4500000000000e+00	-1.4506126113567e+05
 2.5000000000000e+00	-1.4394717441233e+05
 2.5500000000000e+00	-1.4283309060176e+05
 2.6000000000000e+00	-1.4171905553550e+05
 2.6500000000000e+00	-1.4060514554682e+05
 2.7000000000000e+00	-1.3949123734213e+05
 2.7500000000000e+00	-1.3837733092144e+05
 2.8000000000000e+00	-1.3726347859082e+05
 2.8500000000000e+00	-1.3614975967587e+05
 2.9000000000000e+00	-1.3503604155089e+05
 2.9500000000000e+00	-1.3392232421588e+05
		3	-1.3280865551996e+05
 3.0500000000000e+00	-1.3169510258761e+05
 3.1000000000000e+00	-1.3058154989687e+05
 3.1500000000000e+00	-1.2946799744773e+05
 3.2000000000000e+00	-1.2835448940433e+05
 3.2500000000000e+00	-1.2724108970406e+05
 3.3000000000000e+00	-1.2612769030139e+05
 3.3500000000000e+00	-1.2501429119631e+05
 3.4000000000000e+00	-1.2390090711483e+05
 3.4500000000000e+00	-1.2278765429366e+05
 3.5000000000000e+00	-1.2167440204720e+05
 3.5500000000000e+00	-1.2056115037544e+05
 3.6000000000000e+00	-1.1944777855463e+05
 3.6500000000000e+00	-1.1833455701875e+05
 3.7000000000000e+00	-1.1722133450127e+05
 3.7500000000000e+00	-1.1610811100218e+05
 3.8000000000000e+00	-1.1499451795505e+05
 3.8500000000000e+00	-1.1388111038511e+05
 3.9000000000000e+00	-1.1276769247337e+05
 3.9500000000000e+00	-1.1165426421980e+05
		4	-1.1054011958132e+05
 4.0500000000000e+00	-1.0942583255160e+05
 4.1000000000000e+00	-1.0831150043046e+05
 4.1500000000000e+00	-1.0719712321790e+05
 4.2000000000000e+00	-1.0608276890514e+05
 4.2500000000000e+00	-1.0496973598954e+05
 4.3000000000000e+00	-1.0385658187950e+05
 4.3500000000000e+00	-1.0274330657502e+05
 4.4000000000000e+00	-1.0162840884649e+05
 4.4500000000000e+00	-1.0050717947680e+05
 4.5000000000000e+00	-9.9385894089518e+04
 4.5500000000000e+00	-9.8264816804747e+04
 4.6000000000000e+00	-9.7143131539357e+04
 4.6500000000000e+00	-9.6017534699950e+04
 4.7000000000000e+00	-9.4891811279674e+04
 4.7500000000000e+00	-9.3765914541806e+04
 4.8000000000000e+00	-9.2639899915464e+04
 4.8500000000000e+00	-9.1542834466462e+04
 4.9000000000000e+00	-9.0450496541828e+04
 4.9500000000000e+00	-8.9359300387074e+04
		5	-8.8269160789799e+04
 5.0500000000000e+00	-8.7168142441112e+04
 5.1000000000000e+00	-8.6051472979778e+04
 5.1500000000000e+00	-8.4934824452003e+04
 5.2000000000000e+00	-8.3818199322223e+04
 5.2500000000000e+00	-8.2698897737251e+04
 5.3000000000000e+00	-8.1568673184081e+04
 5.3500000000000e+00	-8.0439268712643e+04
 5.4000000000000e+00	-7.9311387303335e+04
 5.4500000000000e+00	-7.8184562191228e+04
 5.5000000000000e+00	-7.7060463364311e+04
 5.5500000000000e+00	-7.5936873339538e+04
 5.6000000000000e+00	-7.4812542136539e+04
 5.6500000000000e+00	-7.3689434121360e+04
 5.7000000000000e+00	-7.2567704035251e+04
 5.7500000000000e+00	-7.1445977622190e+04
 5.8000000000000e+00	-7.0324254904362e+04
 5.8500000000000e+00	-6.9200368013581e+04
 5.9000000000000e+00	-6.8073854925342e+04
 5.9500000000000e+00	-6.6947341910659e+04
		6	-6.5820828969795e+04
 6.0500000000000e+00	-6.4691811987174e+04
 6.1000000000000e+00	-6.3560372442447e+04
 6.1500000000000e+00	-6.2429965471398e+04
 6.2000000000000e+00	-6.1298424926069e+04
 6.2500000000000e+00	-6.0164550540072e+04
 6.3000000000000e+00	-5.9028814150084e+04
 6.3500000000000e+00	-5.7893586854630e+04
 6.4000000000000e+00	-5.6757750653868e+04
 6.4500000000000e+00	-5.5618851220226e+04
 6.5000000000000e+00	-5.4478885232371e+04
 6.5500000000000e+00	-5.3338909354757e+04
 6.6000000000000e+00	-5.2198923587385e+04
 6.6500000000000e+00	-5.1053511754862e+04
 6.7000000000000e+00	-4.9906709008849e+04
 6.7500000000000e+00	-4.8759901573380e+04
 6.8000000000000e+00	-4.7613089448453e+04
 6.8500000000000e+00	-4.6460926911029e+04
 6.9000000000000e+00	-4.5307368663993e+04
 6.9500000000000e+00	-4.4153807072370e+04
		7	-4.3000242136160e+04
 7.0500000000000e+00	-4.1840454198396e+04
 7.1000000000000e+00	-4.0678941828529e+04
 7.1500000000000e+00	-3.9517426352664e+04
 7.2000000000000e+00	-3.8355907770800e+04
 7.2500000000000e+00	-3.7187686173262e+04
 7.3000000000000e+00	-3.6017662964313e+04
 7.3500000000000e+00	-3.4847635013800e+04
 7.4000000000000e+00	-3.3677602321722e+04
 7.4500000000000e+00	-3.2499799453225e+04
 7.5000000000000e+00	-3.1320097455262e+04
 7.5500000000000e+00	-3.0140382646580e+04
 7.6000000000000e+00	-2.8960655027178e+04
 7.6500000000000e+00	-2.7772701336206e+04
 7.7000000000000e+00	-2.6582922258875e+04
 7.7500000000000e+00	-2.5393114223442e+04
 7.8000000000000e+00	-2.4203277229909e+04
 7.8500000000000e+00	-2.3004846962596e+04
 7.9000000000000e+00	-2.1804567156614e+04
 7.9500000000000e+00	-2.0604239554441e+04
		8	-1.9403973526687e+04
 8.0500000000000e+00	-1.8194705269079e+04
 8.1000000000000e+00	-1.6983962762924e+04
 8.1500000000000e+00	-1.5773080945928e+04
 8.2000000000000e+00	-1.4562348001821e+04
 8.2500000000000e+00	-1.3342417930109e+04
 8.3000000000000e+00	-1.2121401628599e+04
 8.3500000000000e+00	-1.0900310308022e+04
 8.4000000000000e+00	-9.6792079929429e+03
 8.4500000000000e+00	-8.4493221421495e+03
 8.5000000000000e+00	-7.2186198912487e+03
 8.5500000000000e+00	-5.9878418612252e+03
 8.6000000000000e+00	-4.7570499316988e+03
 8.6500000000000e+00	-3.5186759921337e+03
 8.7000000000000e+00	-2.2797625545473e+03
 8.7500000000000e+00	-1.0407831492364e+03
 8.8000000000000e+00	 1.9821154334626e+02
 8.8500000000000e+00	 1.4436406634030e+03
 8.9000000000000e+00	 2.6894139475352e+03
 8.9500000000000e+00	 3.9352396975073e+03
		9	 5.1810753311934e+03
 9.0500000000000e+00	 6.4315040424588e+03
 9.1000000000000e+00	 7.6821114369275e+03
 9.1500000000000e+00	 8.9327565049532e+03
 9.2000000000000e+00	 1.0183407092455e+04
 9.2500000000000e+00	 1.1436667195621e+04
 9.3000000000000e+00	 1.2689997711667e+04
 9.3500000000000e+00	 1.3943352082439e+04
 9.4000000000000e+00	 1.5196709091283e+04
 9.4500000000000e+00	 1.6450698123656e+04
 9.5000000000000e+00	 1.7704698903536e+04
 9.5500000000000e+00	 1.8958713297385e+04
 9.6000000000000e+00	 2.0212729010798e+04
 9.6500000000000e+00	 2.1465649828048e+04
 9.7000000000000e+00	 2.2718561730415e+04
 9.7500000000000e+00	 2.3971480416501e+04
 9.8000000000000e+00	 2.5224400357185e+04
 9.8500000000000e+00	 2.5838026238211e+04
 9.9000000000000e+00	 2.6449343801238e+04
 9.9500000000000e+00	 2.7060661560290e+04
		10	 2.7671461218262e+04
