version 1.4
Solution type
       1,        2                                     1.求解类型；2.模型维度 
Solution CPU cores
      1                                               1.并行求解的CPU数 
CONTROL PARAMETER
      31,      115                                     1.模型单元总数；2.模型节点总数 
      13       0,        0,        0,                1.最大边数；2.最大内边数（内节点数）；3.最大面数；5.最大面上节点数。 
       5,        1                                     1.材料类型总数；2.边界条件总数。 
OPTION
       1,        0,        0,        0,        1       计算控制选项：1.考虑互作用选项；2.是否带宽优化;3.控制是否计算复合材料宏观模量;4.是否手动输入GET_TERM里面的各种参数;5内、外边的插值类型：线性还是二次      
MATERIALS
       1                                               模型厚度 
       1,        41                                     1.材料编号；2.材料种类（0：表示复合材料；1：表示均匀材料） 
2.5E+07,     0.35,    1e+08,     7200,       2000  ,2.0095E-13 ,  1.2,  0    , 0 ,0.1               基体材料参数：弹性模量EO,泊松比VO,屈服应力YEILD_STRESS,切向弹性模量ET,密度 ,蠕变材料常数，蠕变应力指数，蠕变应变指数,温度指数,时间指数
      2,        41                                     1.材料编号；2.材料种类（0：表示复合材料；1：表示均匀材料） 
5.5E+07,     0.3,    1e+08,     7200,       2350  ,2.5179E-13, 1.3,  0    , 0 ,0.1                基体材料参数：弹性模量EO,泊松比VO,屈服应力YEILD_STRESS,切向弹性模量ET,密度 ,蠕变材料常数，蠕变应力指数，蠕变应变指数,温度指数,时间指数
      3,        41                                     1.材料编号；2.材料种类（0：表示复合材料；1：表示均匀材料） 
3.5E+07,     0.3,    1e+08,     7200,        2250 , 2.5179E-13,  1.5,  0    , 0 ,0.1                  基体材料参数：弹性模量EO,泊松比VO,屈服应力YEILD_STRESS,切向弹性模量ET,密度 ,蠕变材料常数，蠕变应力指数，蠕变应变指数,温度指数,时间指数
      4,        41                                     1.材料编号；2.材料种类（0：表示复合材料；1：表示均匀材料） 
7.5E+08,    0.35,    1e+08,     7200,       2500  ,  2.0095E-13 ,   1.5,  0    , 0 ,0.1               基体材料参数：弹性模量EO,泊松比VO,屈服应力YEILD_STRESS,切向弹性模量ET,密度 ,蠕变材料常数，蠕变应力指数，蠕变应变指数,温度指数,时间指数
      5,        41                                     1.材料编号；2.材料种类（0：表示复合材料；1：表示均匀材料） 
7.5E+09,    0.25,    1e+08,     7200,       2800  ,  2.0095E-13 ,   1.5,  0    , 0 ,0.1               基体材料参数：弹性模量EO,泊松比VO,屈服应力YEILD_STRESS,切向弹性模量ET,密度 ,蠕变材料常数，蠕变应力指数，蠕变应变指数,温度指数,时间指数
OUTPUT PARAMETER       
       1,        0,        0,        1,        0       输出控制参数：1.控制是否输出模型； 2.控制是否输出刚度矩阵； 3.控制是否输出 G 矩阵；4.控制是否输出H矩阵等更多信息；5. 没用 
CONNECTIVITY 
       1,        5,        3,        4,        1,       49,        2,        0,        0,        0,        0,        0,        0,        0,        0,       -1,        1       
       2,        5,        4,       12,       11,       50,        1,        0,        0,        0,        0,        0,        0,        0,        0,       -1,        1       
       3,        5,       12,       15,       13,       14,       11,        0,        0,        0,        0,        0,        0,        0,        0,       -1,        1       
       4,        4,       15,       16,       17,       13,        0,        0,        0,        0,        0,        0,        0,        0,        0,       -1,        1       
       5,        5,       16,       20,       18,       19,       17,        0,        0,        0,        0,        0,        0,        0,        0,       -1,        1       
       6,        5,       20,       23,       21,       22,       18,        0,        0,        0,        0,        0,        0,        0,        0,       -1,        1       
       7,        6,       23,       26,       32,       24,       25,       21,        0,        0,        0,        0,        0,        0,        0,       -1,        1       
       8,        4,       32,       27,       28,       24,        0,        0,        0,        0,        0,        0,        0,        0,        0,       -1,        1       
       9,       10,        5,        6,       94,       93,       92,        4,        3,       89,       90,       91,        0,        0,        0,       -1,        3       
      10,       10,        6,       48,      110,       96,       95,       12,        4,       92,       93,       94,        0,        0,        0,       -1,        3       
      11,       10,       48,       47,       98,      111,       97,       15,       12,       95,       96,      110,        0,        0,        0,       -1,        3       
      12,       10,       47,       46,      109,      100,       99,       16,       15,       97,      111,       98,        0,        0,        0,       -1,        3       
      13,        8,       46,       45,      101,       20,       16,       99,      100,      109,        0,        0,        0,        0,        0,       -1,        3       
      14,        5,       45,       44,       23,       20,      101,        0,        0,        0,        0,        0,        0,        0,        0,       -1,        3       
      15,        3,       44,       26,       23,        0,        0,        0,        0,        0,        0,        0,        0,        0,        0,       -1,        3       
      16,        6,        7,        8,      102,        6,        5,      103,        0,        0,        0,        0,        0,        0,        0,       -1,        4       
      17,        7,        8,       42,      105,      104,       48,        6,      102,        0,        0,        0,        0,        0,        0,       -1,        4       
      18,        8,       42,       40,      107,      106,       47,       48,      104,      105,        0,        0,        0,        0,        0,       -1,        4       
      19,        6,       40,       38,       46,       47,      106,      107,        0,        0,        0,        0,        0,        0,        0,       -1,        4       
      20,        6,       38,      114,       36,      108,       45,       46,        0,        0,        0,        0,        0,        0,        0,       -1,        4       
      21,        8,       36,      115,      112,      113,       34,       44,       45,      108,        0,        0,        0,        0,        0,       -1,        4       
      22,        4,       34,       32,       26,       44,        0,        0,        0,        0,        0,        0,        0,        0,        0,       -1,        4       
      23,       10,        9,       73,       10,       52,        8,        7,       54,       53,       55,       56,        0,        0,        0,       -1,        5       
      24,       10,       10,       74,       43,       57,       60,       59,       58,       42,        8,       52,        0,        0,        0,       -1,        5       
      25,       13,       43,       81,       41,       62,       64,       63,       61,       40,       42,       58,       59,       60,       57,       -1,        5       
      26,       13,       41,       80,       39,       65,       66,       68,       67,       38,       40,       61,       63,       64,       62,       -1,        5       
      27,       12,       39,       79,       37,       70,       69,       36,      114,       38,       67,       68,       66,       65,        0,       -1,        5       
      28,       12,       37,       78,       35,       72,       71,       34,      113,      112,      115,       36,       69,       70,        0,       -1,        5       
      29,        9,       35,       77,       33,       83,       82,       32,       34,       71,       72,        0,        0,        0,        0,       -1,        5       
      30,       10,       33,       76,       30,       85,       86,       84,       27,       32,       82,       83,        0,        0,        0,       -1,        5       
      31,       11,       30,       75,       31,       87,       88,       29,       51,       27,       84,       86,       85,        0,        0,       -1,        5       
COORDINATES       
       1, -794.845, -329.736       
       2, -827.829, -322.236       
       3, -827.829, -347.664       
       4, -794.845, -355.493       
       5, -827.829, -408.504       
       6, -794.845, -411.866       
       7, -827.829, -431.858       
       8, -794.845, -431.655       
       9, -827.829, -478.736       
      10, -794.845, -478.736       
      11, -763.681, -340.736       
      12, -763.681, -363.565       
      13, -740.457, -353.736       
      14, -753.482, -342.736       
      15, -740.457, -370.203       
      16, -728.484, -373.931       
      17, -728.484, -356.736       
      18, -683.529, -378.736       
      19, -719.119, -356.736       
      20, -683.529, -389.481       
      21, -636.269, -403.504       
      22, -680.959, -378.736       
      23, -636.269, -415.472       
      24, -599.543, -425.831       
      25, -634.409, -403.504       
      26, -607.521, -427.829       
      27, -589.471, -430.391       
      28, -595.352, -425.831       
      29, -570.678, -444.236       
      30, -589.471, -478.736       
      31, -570.678, -478.736       
      32, -599.543, -430.453       
      33, -599.543, -478.736       
      34, -636.269, -430.679       
      35, -636.269, -478.736       
      36, -683.529,  -430.97       
      37, -683.529, -478.736       
      38, -728.484, -431.246       
      39, -728.484, -478.736       
      40, -740.457,  -431.32       
      41, -740.457, -478.736       
      42, -763.681, -431.463       
      43, -763.681, -478.736       
      44, -636.269, -425.672       
      45, -683.529, -422.278       
      46, -728.484,  -418.22       
      47, -740.457, -417.139       
      48, -763.681, -415.043       
      49,  -818.01,  -325.74       
      50,  -776.33,  -333.74       
      51,  -575.57,  -438.74       
      52, -794.845, -455.195       
      53, -827.829, -455.297       
      54, -827.829, -443.577       
      55, -827.829,  -463.11       
      56, -827.829, -470.923       
      57, -763.681,   -455.1       
      58, -763.681, -437.372       
      59, -763.681, -443.281       
      60, -763.681, -449.191       
      61, -740.457, -436.062       
      62, -740.457, -474.244       
      63, -740.457, -443.698       
      64, -740.457, -468.135       
      65, -728.484, -454.991       
      66, -728.484, -451.034       
      67, -728.484,  -441.14       
      68, -728.484, -446.087       
      69, -683.529, -446.892       
      70, -683.529, -462.814       
      71, -636.269, -446.698       
      72, -636.269, -462.717       
      73, -811.337, -478.736       
      74, -779.263, -478.736       
      75, -580.074, -478.736       
      76, -594.507, -478.736       
      77, -617.906, -478.736       
      78, -659.899, -478.736       
      79, -706.006, -478.736       
      80, -734.471, -478.736       
      81, -752.069, -478.736       
      82, -599.543, -454.594       
      83, -599.543, -466.665       
      84, -589.471, -454.563       
      85, -589.471, -470.678       
      86, -589.471, -462.621       
      87, -570.678, -467.236       
      88, -570.678, -455.736       
      89, -827.829, -362.874       
      90, -827.829, -378.084       
      91, -827.829, -393.294       
      92, -794.845, -369.586       
      93, -794.845,  -383.68       
      94, -794.845, -397.773       
      95, -763.681, -380.724       
      96, -763.681, -397.884       
      97, -740.457,  -379.59       
      98, -740.457, -409.629       
      99, -728.484, -388.694       
     100, -728.484, -403.457       
     101, -683.529,  -405.88       
     102, -794.845,  -421.76       
     103, -827.829, -420.181       
     104, -763.681, -423.253       
     105, -763.681, -427.358       
     106, -740.457, -420.412       
     107, -740.457, -428.593       
     108, -683.529, -426.624       
     109, -728.484, -410.839       
     110, -763.681, -406.464       
     111, -740.457,  -394.61       
     112, -659.899, -430.825       
     113, -648.084, -430.752       
     114, -706.006, -431.108       
     115, -671.714, -430.897       
  
INCLUSIONS       
       1,        0       
       2,        0       
       3,        0       
       4,        0       
       5,        0       
       6,        0       
       7,        0       
       8,        0       
       9,        0       
      10,        0       
      11,        0       
      12,        0       
      13,        0       
      14,        0       
      15,        0       
      16,        0       
      17,        0       
      18,        0       
      19,        0       
      20,        0       
      21,        0       
      22,        0       
      23,        0       
      24,        0       
      25,        0       
      26,        0       
      27,        0       
      28,        0       
      29,        0       
      30,        0       
      31,        0       
OUTPUT    
      10,        2                                          第一个：基体部分每个积分块绘图是横纵的分块数量，越大图形越好，但越费时间；第二个：夹杂部分的分块数量。                                         
AUTO LOAD       
       5,        3,        1,        0,        0,        0  增量步数、给定位移组数、给定外力数、给定均布力组数、给定内压组数、给定绝对温度 
TIME STEP       
    3600, 10                                                每个增量步对应的：1.时间增量; 2. 温度增量。 
INFORMATION AND VALUES OF PRESCRIBED INCREMENT DISPLACEMENT 
       1,        1,       12       
       0       
       2,        3,        5,        7,       53,       54,       55,       56,       89,       90,       91,      103,  
       2,        6,        1       
       0       
       9,  
       3,        2,       19       
       0       
      10,       30,       31,       33,       35,       37,       39,       41,       43,        9,       73,       74,       75,       76,       77,       78,       79,       80,       81,  
INFORMATION AND VALUES OF PRESCRIBED INCREMENT FORCE 
       1,        0,        0          第二个数为0，表示体力；最后一个数为0：表示所有单元都考虑体力 
               0, -9.8,  0,                     体力的分量 
 
