           1           1
           1           1           1   1.00000000000000     
           2           2
           2           2           2   1.00000000000000     
           3           3
           3           3           3   1.00000000000000     
           4           4
           4           4           4   1.00000000000000     
           5           8
           5           5           5   16354352017.7922     
           5           6           6   3001200480.19212     
           5           7           7  -5214677639.04330     
           5           8           8  -1283289665.48059     
           9          11
           6           9           6   26520346860.5699     
           6          10           7   1283289665.48047     
           6          11           8   225570015.178060     
          12          13
           7          12           7   16354352017.7923     
           7          13           8  -3001200480.19205     
          14          14
           8          14           8   26520346860.5698     
 第           1 行           1           8
           1           1   7697908539.20705       0.000000000000000E+000
           2           2   3001200480.19209       0.000000000000000E+000
           3           3   3441765839.54182       0.000000000000000E+000
           4           4  -1283289665.48057       0.000000000000000E+000
           5           5  -6399442017.41921      -2.580461422405750E-006
           6           6  -3001200480.19204      -4.233793900863696E-005
           7           7  -4740232361.32967       2.580461422405432E-006
           8           8   1283289665.48054      -4.233793900863726E-005
 第           2 行           9          15
           1           1   3001200480.19209       0.000000000000000E+000
           9           2   14406560536.8749       0.000000000000000E+000
          10           3   1283289665.48058       0.000000000000000E+000
          11           4   12339356338.8729       0.000000000000000E+000
          12           5  -3001200480.19209      -2.580461422405750E-006
          13           6  -12589492588.3207      -4.233793900863696E-005
          14           7  -1283289665.48059       2.580461422405432E-006
          15           8  -14156424287.4272      -4.233793900863726E-005
 第           3 行          16          21
           1           1   3441765839.54182       0.000000000000000E+000
           2           2   1283289665.48058       0.000000000000000E+000
          16           3   7697908539.20711       0.000000000000000E+000
          17           4  -3001200480.19210       0.000000000000000E+000
          18           5  -4740232361.32971      -2.580461422405750E-006
          19           6  -1283289665.48055      -4.233793900863696E-005
          20           7  -6399442017.41924       2.580461422405432E-006
          21           8   3001200480.19205      -4.233793900863726E-005
 第           4 行          22          26
           1           1  -1283289665.48057       0.000000000000000E+000
           2           2   12339356338.8729       0.000000000000000E+000
           3           3  -3001200480.19210       0.000000000000000E+000
          22           4   14406560536.8750       0.000000000000000E+000
          23           5   1283289665.48056      -2.580461422405750E-006
          24           6  -14156424287.4272      -4.233793900863696E-005
          25           7   3001200480.19210       2.580461422405432E-006
          26           8  -12589492588.3207      -4.233793900863726E-005
 第           5 行          27          30
           1           1  -6399442017.41921       0.000000000000000E+000
           2           2  -3001200480.19209       0.000000000000000E+000
           3           3  -4740232361.32971       0.000000000000000E+000
           4           4   1283289665.48056       0.000000000000000E+000
          27           5   16354352017.7922      -2.580461422405750E-006
          28           6   3001200480.19212      -4.233793900863696E-005
          29           7  -5214677639.04330       2.580461422405432E-006
          30           8  -1283289665.48059      -4.233793900863726E-005
 第           6 行          31          33
           1           1  -3001200480.19204       0.000000000000000E+000
           2           2  -12589492588.3207       0.000000000000000E+000
           3           3  -1283289665.48055       0.000000000000000E+000
           4           4  -14156424287.4272       0.000000000000000E+000
           5           5   3001200480.19212      -2.580461422405750E-006
          31           6   26520346860.5699      -4.233793900863696E-005
          32           7   1283289665.48047       2.580461422405432E-006
          33           8   225570015.178060      -4.233793900863726E-005
 第           7 行          34          35
           1           1  -4740232361.32967       0.000000000000000E+000
           2           2  -1283289665.48059       0.000000000000000E+000
           3           3  -6399442017.41924       0.000000000000000E+000
           4           4   3001200480.19210       0.000000000000000E+000
           5           5  -5214677639.04330      -2.580461422405750E-006
           6           6   1283289665.48047      -4.233793900863696E-005
          34           7   16354352017.7923       2.580461422405432E-006
          35           8  -3001200480.19205      -4.233793900863726E-005
 第           8 行          36          36
           1           1   1283289665.48054       0.000000000000000E+000
           2           2  -14156424287.4272       0.000000000000000E+000
           3           3   3001200480.19205       0.000000000000000E+000
           4           4  -12589492588.3207       0.000000000000000E+000
           5           5  -1283289665.48059      -2.580461422405750E-006
           6           6   225570015.178060      -4.233793900863696E-005
           7           7  -3001200480.19205       2.580461422405432E-006
          36           8   26520346860.5698      -4.233793900863726E-005
 ********** ********** ********** **********
