           1          10
           1           1           1   20213366297.9741     
           1           2           2   3423810993.99658     
           1           3           3   3648741184.45276     
           1           4           4   447317019.894500     
           1           5           5  -6399442017.41921     
           1           6           6  -3001200480.19204     
           1           7           7  -4740232361.32967     
           1           8           8   1283289665.48054     
           1           9          10  -296457977.453306     
           1          10          16  -1856759221.72634     
          11          19
           2          11           2   33039946631.5308     
           2          12           3  -447317019.894460     
           2          13           4   15606469131.0942     
           2          14           5  -3001200480.19209     
           2          15           6  -12589492588.3207     
           2          16           7  -1283289665.48059     
           2          17           8  -14156424287.4272     
           2          18          10  -44776336.3781424     
           2          19          16   2267084467.04504     
          20          27
           3          20           3   20213366297.9742     
           3          21           4  -3423810993.99660     
           3          22           5  -4740232361.32971     
           3          23           6  -1283289665.48055     
           3          24           7  -6399442017.41924     
           3          25           8   3001200480.19205     
           3          26          10   1856759221.72634     
           3          27          16   296457977.453287     
          28          34
           4          28           4   33039946631.5309     
           4          29           5   1283289665.48056     
           4          30           6  -14156424287.4272     
           4          31           7   3001200480.19210     
           4          32           8  -12589492588.3207     
           4          33          10   2267084467.04507     
           4          34          16  -44776336.3782307     
          35          38
           5          35           5   16354352017.7922     
           5          36           6   3001200480.19212     
           5          37           7  -5214677639.04330     
           5          38           8  -1283289665.48059     
          39          41
           6          39           6   26520346860.5699     
           6          40           7   1283289665.48047     
           6          41           8   225570015.178060     
          42          43
           7          42           7   16354352017.7923     
           7          43           8  -3001200480.19205     
          44          44
           8          44           8   26520346860.5698     
          45          45
           9          45           9   1.00000000000000     
          46          47
          10          46          10   9289190064.65945     
          10          47          16   1659699.41040783     
          48          48
          11          48          11   1.00000000000000     
          49          49
          12          49          12   1.00000000000000     
          50          50
          13          50          13   1.00000000000000     
          51          51
          14          51          14   1.00000000000000     
          52          52
          15          52          15   1.00000000000000     
          53          53
          16          53          16   9289190064.65958     
 第           1 行           1          16
           1           1   20213366297.9741       2.920035554851233E-005
           2           2   3423810993.99658      -8.675586431896191E-004
           3           3   3648741184.45276      -2.920035554851863E-005
           4           4   447317019.894500      -8.675586431896109E-004
           5           5  -6399442017.41921      -4.728084700487276E-007
           6           6  -3001200480.19204      -9.081563970699598E-004
           7           7  -4740232361.32967       4.728084700315386E-007
           8           8   1283289665.48054      -9.081563970699630E-004
           9           9  -927220713.469328       0.000000000000000E+000
          10          10  -296457977.453306      -7.605428809360244E-004
          11          11  -3256341257.45671       0.000000000000000E+000
          12          12   1808947491.09847       0.000000000000000E+000
          13          13  -6392781549.56087       0.000000000000000E+000
          14          14  -1808947491.09843       0.000000000000000E+000
          15          15  -2146089583.19112       0.000000000000000E+000
          16          16  -1856759221.72634      -7.605428809360251E-004
 第           2 行          17          31
           1           1   3423810993.99658       2.920035554851233E-005
          17           2   33039946631.5308      -8.675586431896191E-004
          18           3  -447317019.894460      -2.920035554851863E-005
          19           4   15606469131.0942      -8.675586431896109E-004
          20           5  -3001200480.19209      -4.728084700487276E-007
          21           6  -12589492588.3207      -9.081563970699598E-004
          22           7  -1283289665.48059       4.728084700315386E-007
          23           8  -14156424287.4272      -9.081563970699630E-004
          24           9   383166376.955170       0.000000000000000E+000
          25          10  -44776336.3781424      -7.605428809360244E-004
          26          11   2062041931.24906       0.000000000000000E+000
          27          12  -8186824753.55276       0.000000000000000E+000
          28          13  -2062041931.24899       0.000000000000000E+000
          29          14  -15935982263.9913       0.000000000000000E+000
          30          15   924829794.615303       0.000000000000000E+000
          31          16   2267084467.04504      -7.605428809360251E-004
 第           3 行          32          45
           1           1   3648741184.45276       2.920035554851233E-005
           2           2  -447317019.894460      -8.675586431896191E-004
          32           3   20213366297.9742      -2.920035554851863E-005
          33           4  -3423810993.99660      -8.675586431896109E-004
          34           5  -4740232361.32971      -4.728084700487276E-007
          35           6  -1283289665.48055      -9.081563970699598E-004
          36           7  -6399442017.41924       4.728084700315386E-007
          37           8   3001200480.19205      -9.081563970699630E-004
          38           9  -2146089583.19112       0.000000000000000E+000
          39          10   1856759221.72634      -7.605428809360244E-004
          40          11  -6392781549.56083       0.000000000000000E+000
          41          12   1808947491.09841       0.000000000000000E+000
          42          13  -3256341257.45668       0.000000000000000E+000
          43          14  -1808947491.09845       0.000000000000000E+000
          44          15  -927220713.469336       0.000000000000000E+000
          45          16   296457977.453287      -7.605428809360251E-004
 第           4 行          46          58
           1           1   447317019.894500       2.920035554851233E-005
           2           2   15606469131.0942      -8.675586431896191E-004
           3           3  -3423810993.99660      -2.920035554851863E-005
          46           4   33039946631.5309      -8.675586431896109E-004
          47           5   1283289665.48056      -4.728084700487276E-007
          48           6  -14156424287.4272      -9.081563970699598E-004
          49           7   3001200480.19210       4.728084700315386E-007
          50           8  -12589492588.3207      -9.081563970699630E-004
          51           9  -924829794.615316       0.000000000000000E+000
          52          10   2267084467.04507      -7.605428809360244E-004
          53          11   2062041931.24903       0.000000000000000E+000
          54          12  -15935982263.9913       0.000000000000000E+000
          55          13  -2062041931.24911       0.000000000000000E+000
          56          14  -8186824753.55269       0.000000000000000E+000
          57          15  -383166376.955150       0.000000000000000E+000
          58          16  -44776336.3782307      -7.605428809360251E-004
 第           5 行          59          62
           1           1  -6399442017.41921       2.920035554851233E-005
           2           2  -3001200480.19209      -8.675586431896191E-004
           3           3  -4740232361.32971      -2.920035554851863E-005
           4           4   1283289665.48056      -8.675586431896109E-004
          59           5   16354352017.7922      -4.728084700487276E-007
          60           6   3001200480.19212      -9.081563970699598E-004
          61           7  -5214677639.04330       4.728084700315386E-007
          62           8  -1283289665.48059      -9.081563970699630E-004
 第           6 行          63          65
           1           1  -3001200480.19204       2.920035554851233E-005
           2           2  -12589492588.3207      -8.675586431896191E-004
           3           3  -1283289665.48055      -2.920035554851863E-005
           4           4  -14156424287.4272      -8.675586431896109E-004
           5           5   3001200480.19212      -4.728084700487276E-007
          63           6   26520346860.5699      -9.081563970699598E-004
          64           7   1283289665.48047       4.728084700315386E-007
          65           8   225570015.178060      -9.081563970699630E-004
 第           7 行          66          67
           1           1  -4740232361.32967       2.920035554851233E-005
           2           2  -1283289665.48059      -8.675586431896191E-004
           3           3  -6399442017.41924      -2.920035554851863E-005
           4           4   3001200480.19210      -8.675586431896109E-004
           5           5  -5214677639.04330      -4.728084700487276E-007
           6           6   1283289665.48047      -9.081563970699598E-004
          66           7   16354352017.7923       4.728084700315386E-007
          67           8  -3001200480.19205      -9.081563970699630E-004
 第           8 行          68          68
           1           1   1283289665.48054       2.920035554851233E-005
           2           2  -14156424287.4272      -8.675586431896191E-004
           3           3   3001200480.19205      -2.920035554851863E-005
           4           4  -12589492588.3207      -8.675586431896109E-004
           5           5  -1283289665.48059      -4.728084700487276E-007
           6           6   225570015.178060      -9.081563970699598E-004
           7           7  -3001200480.19205       4.728084700315386E-007
          68           8   26520346860.5698      -9.081563970699630E-004
 第           9 行          69          76
           1           1  -927220713.469328       2.920035554851233E-005
           2           2   383166376.955170      -8.675586431896191E-004
           3           3  -2146089583.19112      -2.920035554851863E-005
           4           4  -924829794.615316      -8.675586431896109E-004
          69           9   7742382967.31638       0.000000000000000E+000
          70          10   2615681086.69354      -7.605428809360244E-004
          71          11  -2945209993.31746       0.000000000000000E+000
          72          12  -767280824.431783       0.000000000000000E+000
          73          13  -1660053164.57725       0.000000000000000E+000
          74          14  -1316052508.90156       0.000000000000000E+000
          75          15  -63809512.7612319       0.000000000000000E+000
          76          16   9315664.29995122      -7.605428809360251E-004
 第          10 行          77          83
           1           1  -296457977.453306       2.920035554851233E-005
           2           2  -44776336.3781424      -8.675586431896191E-004
           3           3   1856759221.72634      -2.920035554851863E-005
           4           4   2267084467.04507      -8.675586431896109E-004
           5           9   2615681086.69354       0.000000000000000E+000
          77          10   9289190064.65945      -7.605428809360244E-004
          78          11  -3103708597.91568       0.000000000000000E+000
          79          12  -9591416938.80367       0.000000000000000E+000
          80          13  -1062958068.75097       0.000000000000000E+000
          81          14  -1921740955.93308       0.000000000000000E+000
          82          15  -9315664.29992485       0.000000000000000E+000
          83          16   1659699.41040783      -7.605428809360251E-004
 第          11 行          84          89
           1           1  -3256341257.45671       2.920035554851233E-005
           2           2   2062041931.24906      -8.675586431896191E-004
           3           3  -6392781549.56083      -2.920035554851863E-005
           4           4   2062041931.24903      -8.675586431896109E-004
           5           9  -2945209993.31746       0.000000000000000E+000
           6          10  -3103708597.91568      -7.605428809360244E-004
          84          11   11369551858.7626       0.000000000000000E+000
          85          12  -3125000000.00002       0.000000000000000E+000
          86          13   2884834106.14965       0.000000000000000E+000
          87          14   1041666666.66665       0.000000000000000E+000
          88          15  -1660053164.57727       0.000000000000000E+000
          89          16   1062958068.75094      -7.605428809360251E-004
 第          12 行          90          94
           1           1   1808947491.09847       2.920035554851233E-005
           2           2  -8186824753.55276      -8.675586431896191E-004
           3           3   1808947491.09841      -2.920035554851863E-005
           4           4  -15935982263.9913      -8.675586431896109E-004
           5           9  -767280824.431783       0.000000000000000E+000
           6          10  -9591416938.80367      -7.605428809360244E-004
           7          11  -3125000000.00002       0.000000000000000E+000
          90          12   24241773955.8328       0.000000000000000E+000
          91          13  -1041666666.66665       0.000000000000000E+000
          92          14   11394190956.4481       0.000000000000000E+000
          93          15   1316052508.90156       0.000000000000000E+000
          94          16  -1921740955.93314      -7.605428809360251E-004
 第          13 行          95          98
           1           1  -6392781549.56087       2.920035554851233E-005
           2           2  -2062041931.24899      -8.675586431896191E-004
           3           3  -3256341257.45668      -2.920035554851863E-005
           4           4  -2062041931.24911      -8.675586431896109E-004
           5           9  -1660053164.57725       0.000000000000000E+000
           6          10  -1062958068.75097      -7.605428809360244E-004
           7          11   2884834106.14965       0.000000000000000E+000
           8          12  -1041666666.66665       0.000000000000000E+000
          95          13   11369551858.7626       0.000000000000000E+000
          96          14   3125000000.00002       0.000000000000000E+000
          97          15  -2945209993.31746       0.000000000000000E+000
          98          16   3103708597.91570      -7.605428809360251E-004
 第          14 行          99         101
           1           1  -1808947491.09843       2.920035554851233E-005
           2           2  -15935982263.9913      -8.675586431896191E-004
           3           3  -1808947491.09845      -2.920035554851863E-005
           4           4  -8186824753.55269      -8.675586431896109E-004
           5           9  -1316052508.90156       0.000000000000000E+000
           6          10  -1921740955.93308      -7.605428809360244E-004
           7          11   1041666666.66665       0.000000000000000E+000
           8          12   11394190956.4481       0.000000000000000E+000
           9          13   3125000000.00002       0.000000000000000E+000
          99          14   24241773955.8328       0.000000000000000E+000
         100          15   767280824.431779       0.000000000000000E+000
         101          16  -9591416938.80369      -7.605428809360251E-004
 第          15 行         102         103
           1           1  -2146089583.19112       2.920035554851233E-005
           2           2   924829794.615303      -8.675586431896191E-004
           3           3  -927220713.469336      -2.920035554851863E-005
           4           4  -383166376.955150      -8.675586431896109E-004
           5           9  -63809512.7612319       0.000000000000000E+000
           6          10  -9315664.29992485      -7.605428809360244E-004
           7          11  -1660053164.57727       0.000000000000000E+000
           8          12   1316052508.90156       0.000000000000000E+000
           9          13  -2945209993.31746       0.000000000000000E+000
          10          14   767280824.431779       0.000000000000000E+000
         102          15   7742382967.31638       0.000000000000000E+000
         103          16  -2615681086.69354      -7.605428809360251E-004
 第          16 行         104         104
           1           1  -1856759221.72634       2.920035554851233E-005
           2           2   2267084467.04504      -8.675586431896191E-004
           3           3   296457977.453287      -2.920035554851863E-005
           4           4  -44776336.3782307      -8.675586431896109E-004
           5           9   9315664.29995122       0.000000000000000E+000
           6          10   1659699.41040783      -7.605428809360244E-004
           7          11   1062958068.75094       0.000000000000000E+000
           8          12  -1921740955.93314       0.000000000000000E+000
           9          13   3103708597.91570       0.000000000000000E+000
          10          14  -9591416938.80369       0.000000000000000E+000
          11          15  -2615681086.69354       0.000000000000000E+000
         104          16   9289190064.65958      -7.605428809360251E-004
 ********** ********** ********** **********
