VARIABLES = "x"
 "y"
 "Stress11"
 "Stress22"
 "Stress12"
 "Von Mises Stress"
 "Max. Principal Stress"
 "Mid. Principal Stress"
 "Min. Principal Stress"
ZONE
DT=(DOUBLE,DOUBLE,DOUBLE,DOUBLE,DOUBLE,DOUBLE,DOUBLE,DOUBLE,DOUBLE)
                      0                     -38            -198211.9375             -878326.125    7.84546663745722E-11                797903.5                       0            -198211.9375             -878326.125 
                      0                  -37.76       -196243.992364302       -873429.541817431    7.89199202383465E-11        793717.227596685                       0       -196243.992364302       -873429.541817431 
                      0                  -37.52       -194276.047228604       -868532.958634862    7.93851741021208E-11        789530.955193371                       0       -194276.047228604       -868532.958634862 
                      0                  -37.28       -192308.102092906       -863636.375452294    7.98504279658951E-11        785344.682790056                       0       -192308.102092906       -863636.375452294 
                      0                  -37.04       -190402.669649447       -858725.207406503    7.83764198598863E-11        781127.227065063                       0       -190402.669649447       -858725.207406503 
                      0                   -36.8       -188509.739114889       -853811.122534947    7.65145788896779E-11        776903.534989773                       0       -188509.739114889       -853811.122534947 
                      0                  -36.56       -186616.808580331       -848897.037663392    7.46527379194695E-11        772679.842914483                       0       -186616.808580331       -848897.037663392 
                      0                  -36.32       -184772.147995893       -843972.015302704    7.16367693526969E-11        768432.070932006                       0       -184772.147995893       -843972.015302704 
                      0                  -36.08       -182951.622593667       -839041.524150513    6.80437320346498E-11        764172.258892593                       0       -182951.622593667       -839041.524150513 
                      0                  -35.84       -181131.097191442       -834111.032998321    6.44506947166027E-11        759912.446853182                       0       -181131.097191442       -834111.032998321 
                      0                   -35.6       -179345.476286139       -829172.886400517    6.02566279661586E-11        755635.257218667                       0       -179345.476286139       -829172.886400517 
                      0                  -35.36       -177594.759167633       -824227.084512849    5.54615440111682E-11        751340.690342594                       0       -177594.759167633       -824227.084512849 
                      0                  -35.12       -175844.042049127       -819281.282625182    5.06664600561778E-11        747046.123466521                       0       -175844.042049127       -819281.282625182 
                      0                  -34.88       -174115.718176235       -814330.696191029    4.56257729447208E-11        742740.404771306                       0       -174115.718176235       -814330.696191029 
                      0                  -34.64       -172432.181563393       -809370.540499639    4.00938710881183E-11        738412.382054934                       0       -172432.181563393       -809370.540499639 
                      0                   -34.4        -170748.64495055       -804410.384808248    3.45619692315159E-11        734084.359338563                       0        -170748.64495055       -804410.384808248 
                      0                  -34.16       -169090.908045942       -799445.014810805    2.90246463392812E-11        729743.520757719                       0       -169090.908045942       -799445.014810805 
                      0                  -33.92       -167562.166730023       -794453.573879819    2.34602188892621E-11        725338.604321147                       0       -167562.166730023       -794453.573879819 
                      0                  -33.68       -166033.425414103       -789462.132948832    1.78957914392428E-11        720933.687884575                       0       -166033.425414103       -789462.132948832 
                      0                  -33.44       -164504.684098184       -784470.692017846    1.23313639892236E-11        716528.771448003                       0       -164504.684098184       -784470.692017846 
                      0                   -33.2       -162975.942782264       -779479.251086859    6.76693653920449E-12        712123.855011432                       0       -162975.942782264       -779479.251086859 
                      0                  -32.96       -161447.201466344       -774487.810155872    1.20250908918524E-12         707718.93857486                       0       -161447.201466344       -774487.810155872 
                      0                  -32.72       -159918.460150425       -769496.369224886   -4.36191836083401E-12        703314.022138288                       0       -159918.460150425       -769496.369224886 
                      0                  -32.48       -158389.718834505       -764504.928293899   -9.92634581085326E-12        698909.105701716                       0       -158389.718834505       -764504.928293899 
                      0                  -32.24       -156860.977518586       -759513.487362913   -1.54907732608724E-11        694504.189265144                       0       -156860.977518586       -759513.487362913 
                      0                     -32       -155332.236202666       -754522.046431926   -2.10552007108916E-11        690099.272828572                       0       -155332.236202666       -754522.046431926 
                      0                  -31.76       -153803.494886746       -749530.605500939   -2.66196281609108E-11           685694.356392                       0       -153803.494886746       -749530.605500939 
                      0                  -31.52       -152274.753570827       -744539.164569953     -3.218405561093E-11        681289.439955428                       0       -152274.753570827       -744539.164569953 
                      0                  -31.28       -150746.012254907       -739547.723638966   -3.77484830609492E-11        676884.523518856                       0       -150746.012254907       -739547.723638966 
                      0                  -31.04       -149325.155637029       -734536.008957339   -4.19558411901967E-11         672426.16825094                       0       -149325.155637029       -734536.008957339 
                      0                   -30.8       -148012.183991558       -729504.020473512   -4.48061265474622E-11        667914.374015778                       0       -148012.183991558       -729504.020473512 
                      0                  -30.56       -146699.212346086       -724472.031989685   -4.76564119047278E-11        663402.579780616                       0       -146699.212346086       -724472.031989685 
                      0                  -30.32       -145386.240700615       -719440.043505858   -5.05066972619934E-11        658890.785545453                       0       -145386.240700615       -719440.043505858 
                      0                  -30.08       -144073.269055143       -714408.055022032    -5.3356982619259E-11        654378.991310291                       0       -144073.269055143       -714408.055022032 
                      0                  -29.84       -142760.297409672       -709376.066538205   -5.62072679765246E-11        649867.197075129                       0       -142760.297409672       -709376.066538205 
                      0                   -29.6         -141447.3257642       -704344.078054378   -5.90575533337901E-11        645355.402839966                       0         -141447.3257642       -704344.078054378 
                      0                  -29.36       -140134.354118729       -699312.089570551   -6.19078386910557E-11        640843.608604804                       0       -140134.354118729       -699312.089570551 
                      0                  -29.12       -138821.382473257       -694280.101086725   -6.47581240483212E-11        636331.814369641                       0       -138821.382473257       -694280.101086725 
                      0                  -28.88       -137508.410827786       -689248.112602898   -6.76084094055869E-11        631820.020134479                       0       -137508.410827786       -689248.112602898 
                      0                  -28.64       -136195.439182315       -684216.124119071   -7.04586947628524E-11        627308.225899317                       0       -136195.439182315       -684216.124119071 
                      0                   -28.4       -134882.467536843       -679184.135635245    -7.3308980120118E-11        622796.431664154                       0       -134882.467536843       -679184.135635245 
                      0                  -28.16       -133569.495891372       -674152.147151418   -7.61592654773836E-11        618284.637428992                       0       -133569.495891372       -674152.147151418 
                      0                  -27.92        -132400.53556732       -669095.177648623   -7.55909513975872E-11        613701.755637768                       0        -132400.53556732       -669095.177648623 
                      0                  -27.68       -131260.376782401       -664033.212067823   -7.43389346443231E-11        609104.656693284                       0       -131260.376782401       -664033.212067823 
                      0                  -27.44       -130120.217997483       -658971.246487022    -7.3086917891059E-11        604507.557748801                       0       -130120.217997483       -658971.246487022 
                      0                   -27.2       -128980.059212564       -653909.280906223   -7.18349011377949E-11        599910.458804317                       0       -128980.059212564       -653909.280906223 
                      0                  -26.96       -127839.900427645       -648847.315325422   -7.05828843845308E-11        595313.359859833                       0       -127839.900427645       -648847.315325422 
                      0                  -26.72       -126699.741642726       -643785.349744622   -6.93308676312667E-11         590716.26091535                       0       -126699.741642726       -643785.349744622 
                      0                  -26.48       -125559.582857807       -638723.384163823   -6.80788508780026E-11        586119.161970866                       0       -125559.582857807       -638723.384163823 
                      0                  -26.24       -124419.424072888       -633661.418583022   -6.68268341247385E-11        581522.063026383                       0       -124419.424072888       -633661.418583022 
                      0                     -26       -123279.265287969       -628599.453002222   -6.55748173714744E-11        576924.964081899                       0       -123279.265287969       -628599.453002222 
                      0                  -25.76        -122139.10650305       -623537.487421422   -6.43228006182103E-11        572327.865137415                       0        -122139.10650305       -623537.487421422 
                      0                  -25.52       -120998.947718131       -618475.521840622   -6.30707838649462E-11        567730.766192932                       0       -120998.947718131       -618475.521840622 
                      0                  -25.28       -119858.788933212       -613413.556259822   -6.18187671116821E-11        563133.667248448                       0       -119858.788933212       -613413.556259822 
                      0                  -25.04       -118740.200821443       -608347.997227745   -6.00157962234074E-11        558525.909534179                       0       -118740.200821443       -608347.997227745 
                      0                   -24.8       -117729.466322276       -603264.470898156    -5.5458048354898E-11        553864.857849005                       0       -117729.466322276       -603264.470898156 
                      0                  -24.56       -116718.731823108       -598180.944568567   -5.09003004863887E-11         549203.80616383                       0       -116718.731823108       -598180.944568567 
                      0                  -24.32       -115707.997323941       -593097.418238979   -4.63425526178793E-11        544542.754478656                       0       -115707.997323941       -593097.418238979 
                      0                  -24.08       -114697.262824774        -588013.89190939     -4.178480474937E-11        539881.702793482                       0       -114697.262824774        -588013.89190939 
                      0                  -23.84       -113686.528325607       -582930.365579801   -3.72270568808606E-11        535220.651108307                       0       -113686.528325607       -582930.365579801 
                      0                   -23.6        -112675.79382644       -577846.839250213   -3.26693090123512E-11        530559.599423133                       0        -112675.79382644       -577846.839250213 
                      0                  -23.36       -111665.059327273       -572763.312920624   -2.81115611438418E-11        525898.547737958                       0       -111665.059327273       -572763.312920624 
                      0                  -23.12       -110654.324828106       -567679.786591035   -2.35538132753325E-11        521237.496052784                       0       -110654.324828106       -567679.786591035 
                      0                  -22.88       -109643.590328939       -562596.260261446   -1.89960654068231E-11        516576.444367609                       0       -109643.590328939       -562596.260261446 
                      0                  -22.64       -108632.855829772       -557512.733931858   -1.44383175383137E-11        511915.392682435                       0       -108632.855829772       -557512.733931858 
                      0                   -22.4       -107622.121330605       -552429.207602269   -9.88056966980432E-12        507254.340997261                       0       -107622.121330605       -552429.207602269 
                      0                  -22.16       -106611.386831437        -547345.68127268   -5.32282180129498E-12        502593.289312086                       0       -106611.386831437        -547345.68127268 
                      0                  -21.92       -105643.510282496       -542254.781072617   -2.22743350006213E-13        497910.775116053                       0       -105643.510282496       -542254.781072617 
                      0                  -21.68       -104718.491029825       -537156.507114593    5.41965740881698E-12        493206.798736652                       0       -104718.491029825       -537156.507114593 
                      0                  -21.44       -103793.471777154        -532058.23315657    1.10620581676402E-11         488502.82235725                       0       -103793.471777154        -532058.23315657 
                      0                   -21.2       -102868.452524483       -526959.959198547    1.67044589264634E-11        483798.845977848                       0       -102868.452524483       -526959.959198547 
                      0                  -20.96       -101943.433271812       -521861.685240523    2.23468596852866E-11        479094.869598447                       0       -101943.433271812       -521861.685240523 
                      0                  -20.72       -101018.414019142         -516763.4112825    2.79892604441099E-11        474390.893219045                       0       -101018.414019142         -516763.4112825 
                      0                  -20.48       -100093.394766471       -511665.137324477    3.36316612029331E-11        469686.916839643                       0       -100093.394766471       -511665.137324477 
                      0                  -20.24       -99168.3755137998       -506566.863366454    3.92740619617563E-11        464982.940460242                       0       -99168.3755137998       -506566.863366454 
                      0                     -20       -98243.3562611288        -501468.58940843    4.49164627205796E-11         460278.96408084                       0       -98243.3562611288        -501468.58940843 
                      0                  -19.76       -97318.3370084579       -496370.315450407    5.05588634794028E-11        455574.987701438                       0       -97318.3370084579       -496370.315450407 
                      0                  -19.52        -96393.317755787       -491272.041492384     5.6201264238226E-11        450871.011322037                       0        -96393.317755787       -491272.041492384 
                      0                  -19.28       -95468.2985031161        -486173.76753436    6.18436649970492E-11        446167.034942635                       0       -95468.2985031161        -486173.76753436 
                      0                  -19.04       -94543.2792504451       -481075.493576337    6.74860657558725E-11        441463.058563234                       0       -94543.2792504451       -481075.493576337 
                      0                   -18.8       -93653.0870590207       -475969.705949883    7.16278885108011E-11         436740.41730255                       0       -93653.0870590207       -475969.705949883 
                      0                  -18.56       -92769.8602798456       -470862.415589742    7.54695956649507E-11         432014.04306561                       0       -92769.8602798456       -470862.415589742 
                      0                  -18.32       -91886.6335006704       -465755.125229601    7.93113028191003E-11        427287.668828671                       0       -91886.6335006704       -465755.125229601 
                      0                  -18.08       -91003.4067214953       -460647.834869461    8.31530099732499E-11        422561.294591731                       0       -91003.4067214953       -460647.834869461 
                      0                  -17.84       -90120.1799423201        -455540.54450932    8.69947171273995E-11        417834.920354791                       0       -90120.1799423201        -455540.54450932 
                      0                   -17.6        -89236.953163145       -450433.254149179    9.08364242815491E-11        413108.546117851                       0        -89236.953163145       -450433.254149179 
                      0                  -17.36       -88353.7263839699       -445325.963789039    9.46781314356988E-11        408382.171880912                       0       -88353.7263839699       -445325.963789039 
                      0                  -17.12       -87470.4996047947       -440218.673428898    9.85198385898484E-11        403655.797643972                       0       -87470.4996047947       -440218.673428898 
                      0                  -16.88       -86587.2728256196       -435111.383068757    1.02361545743998E-10        398929.423407032                       0       -86587.2728256196       -435111.383068757 
                      0                  -16.64       -85704.0460464444       -430004.092708617    1.06203252898148E-10        394203.049170092                       0       -85704.0460464444       -430004.092708617 
                      0                   -16.4       -84820.8192672693       -424896.802348476    1.10044960052297E-10        389476.674933153                       0       -84820.8192672693       -424896.802348476 
                      0                  -16.16       -83937.5924880942       -419789.511988335    1.13886667206447E-10        384750.300696213                       0       -83937.5924880942       -419789.511988335 
                      0                  -15.92       -83053.9931756643       -414681.589637452    1.16963356916465E-10        380023.524731911                       0       -83053.9931756643       -414681.589637452 
                      0                  -15.68       -82168.5311990927       -409570.507336475    1.16214963783285E-10        375294.740133099                       0       -82168.5311990927       -409570.507336475 
                      0                  -15.44       -81283.0692225211       -404459.425035497    1.15466570650105E-10        370565.955534287                       0       -81283.0692225211       -404459.425035497 
                      0                   -15.2       -80397.6072459495       -399348.342734519    1.14718177516926E-10        365837.170935475                       0       -80397.6072459495       -399348.342734519 
                      0                  -14.96       -79512.1452693779       -394237.260433541    1.13969784383746E-10        361108.386336663                       0       -79512.1452693779       -394237.260433541 
                      0                  -14.72       -78626.6832928063       -389126.178132564    1.13221391250566E-10        356379.601737851                       0       -78626.6832928063       -389126.178132564 
                      0                  -14.48       -77741.2213162347       -384015.095831586    1.12472998117387E-10        351650.817139039                       0       -77741.2213162347       -384015.095831586 
                      0                  -14.24       -76855.7593396631       -378904.013530608    1.11724604984207E-10        346922.032540227                       0       -76855.7593396631       -378904.013530608 
                      0                     -14       -75970.2973630915        -373792.93122963    1.10976211851027E-10        342193.247941414                       0       -75970.2973630915        -373792.93122963 
                      0                  -13.76       -75084.8353865198       -368681.848928653    1.10227818717847E-10        337464.463342602                       0       -75084.8353865198       -368681.848928653 
                      0                  -13.52       -74199.3734099482       -363570.766627675    1.09479425584668E-10         332735.67874379                       0       -74199.3734099482       -363570.766627675 
                      0                  -13.28       -73313.9114333766       -358459.684326697    1.08731032451488E-10        328006.894144978                       0       -73313.9114333766       -358459.684326697 
                      0                  -13.04        -72428.449456805        -353348.60202572    1.07982639318308E-10        323278.109546166                       0        -72428.449456805        -353348.60202572 
                      0                   -12.8       -71519.8585075902       -348238.241353499    1.03972577092316E-10          318557.8346157                       0       -71519.8585075902       -348238.241353499 
                      0                  -12.56        -70588.138615142       -343128.602309118    9.67008499209366E-11        313846.069342759                       0        -70588.138615142       -343128.602309118 
                      0                  -12.32       -69656.4187226939       -338018.963264738    8.94291227495568E-11        309134.304069819                       0       -69656.4187226939       -338018.963264738 
                      0                  -12.08       -68724.6988302458       -332909.324220357    8.21573955781769E-11        304422.538796878                       0       -68724.6988302458       -332909.324220357 
                      0                  -11.84       -67792.9789377977       -327799.685175976     7.4885668406797E-11        299710.773523937                       0       -67792.9789377977       -327799.685175976 
                      0                   -11.6       -66861.2590453496       -322690.046131596    6.76139412354172E-11        294999.008250997                       0       -66861.2590453496       -322690.046131596 
                      0                  -11.36       -65929.5391529014       -317580.407087215    6.03422140640374E-11        290287.242978056                       0       -65929.5391529014       -317580.407087215 
                      0                  -11.12       -64997.8192604533       -312470.768042834    5.30704868926575E-11        285575.477705115                       0       -64997.8192604533       -312470.768042834 
                      0                  -10.88       -64066.0993680052       -307361.128998454    4.57987597212778E-11        280863.712432175                       0       -64066.0993680052       -307361.128998454 
                      0                  -10.64       -63134.3794755571       -302251.489954073    3.85270325498979E-11        276151.947159234                       0       -63134.3794755571       -302251.489954073 
                      0                   -10.4       -62202.6595831089       -297141.850909692    3.12553053785181E-11        271440.181886293                       0       -62202.6595831089       -297141.850909692 
                      0                  -10.16       -61270.9396906608       -292032.211865312    2.39835782071383E-11        266728.416613353                       0       -61270.9396906608       -292032.211865312 
                      0                   -9.92       -60339.2197982127       -286922.572820931    1.67118510357584E-11        262016.651340412                       0       -60339.2197982127       -286922.572820931 
                      0                   -9.68       -59332.3595452142       -281818.972020213    3.73997850979995E-12        257335.000188699                       0       -59332.3595452142       -281818.972020213 
                      0                   -9.44       -58310.4712717004       -276716.578864081   -1.03719191730971E-11        252659.371840554                       0       -58310.4712717004       -276716.578864081 
                      0                    -9.2       -57288.5829981866       -271614.185707949   -2.44838168559941E-11        247983.743492409                       0       -57288.5829981866       -271614.185707949 
                      0                   -8.96       -56266.6947246728       -266511.792551817   -3.85957145388913E-11        243308.115144264                       0       -56266.6947246728       -266511.792551817 
                      0                   -8.72        -55244.806451159       -261409.399395685   -5.27076122217886E-11        238632.486796119                       0        -55244.806451159       -261409.399395685 
                      0                   -8.48       -54222.9181776452       -256307.006239554   -6.68195099046856E-11        233956.858447974                       0       -54222.9181776452       -256307.006239554 
                      0                   -8.24       -53201.0299041314       -251204.613083422   -8.09314075875826E-11        229281.230099829                       0       -53201.0299041314       -251204.613083422 
                      0                      -8       -52179.1416306176        -246102.21992729   -9.50433052704799E-11        224605.601751683                       0       -52179.1416306176        -246102.21992729 
                      0                   -7.76       -51157.2533571038       -240999.826771158   -1.09155202953377E-10        219929.973403538                       0       -51157.2533571038       -240999.826771158 
                      0                   -7.52         -50135.36508359       -235897.433615026   -1.23267100636274E-10        215254.345055393                       0         -50135.36508359       -235897.433615026 
                      0                   -7.28       -49113.4768100762       -230795.040458894   -1.37378998319171E-10        210578.716707248                       0       -49113.4768100762       -230795.040458894 
                      0                   -7.04       -48091.5885365624       -225692.647302762   -1.51490896002068E-10        205903.088359103                       0       -48091.5885365624       -225692.647302762 
                      0                    -6.8       -47047.3905453616       -220592.613802763   -1.66399527680753E-10        201236.830378583                       0       -47047.3905453616       -220592.613802763 
                      0                   -6.56       -45891.6444763528       -215504.378529417   -1.85291811102648E-10         196617.42402172                       0       -45891.6444763528       -215504.378529417 
                      0                   -6.32       -44735.8984073439       -210416.143256071   -2.04184094524543E-10        191998.017664857                       0       -44735.8984073439       -210416.143256071 
                      0                   -6.08       -43580.1523383351       -205327.907982726   -2.23076377946438E-10        187378.611307994                       0       -43580.1523383351       -205327.907982726 
                      0                   -5.84       -42424.4062693262        -200239.67270938   -2.41968661368333E-10        182759.204951131                       0       -42424.4062693262        -200239.67270938 
                      0       -5.59999999999999       -41268.6602003174       -195151.437436034   -2.60860944790228E-10        178139.798594267                       0       -41268.6602003174       -195151.437436034 
                      0                   -5.36       -40112.9141313086       -190063.202162689   -2.79753228212123E-10        173520.392237404                       0       -40112.9141313086       -190063.202162689 
                      0                   -5.12       -38957.1680622997       -184974.966889343   -2.98645511634018E-10        168900.985880541                       0       -38957.1680622997       -184974.966889343 
                      0                   -4.88       -37801.4219932909       -179886.731615997   -3.17537795055913E-10        164281.579523678                       0       -37801.4219932909       -179886.731615997 
                      0                   -4.64       -36645.6759242821       -174798.496342652   -3.36430078477808E-10        159662.173166815                       0       -36645.6759242821       -174798.496342652 
                      0       -4.40000000000001       -35489.9298552732       -169710.261069306   -3.55322361899703E-10        155042.766809952                       0       -35489.9298552732       -169710.261069306 
                      0                   -4.16       -34334.1837862644        -164622.02579596   -3.74214645321598E-10        150423.360453088                       0       -34334.1837862644        -164622.02579596 
                      0                   -3.92       -33178.4377172555       -159533.790522614   -3.93106928743494E-10        145803.954096225                       0       -33178.4377172555       -159533.790522614 
                      0                   -3.68       -31970.6815746259       -154451.897358155   -4.12434687859521E-10        141207.773495005                       0       -31970.6815746259       -154451.897358155 
                      0                   -3.44       -30710.9153170416       -149376.346307624   -4.32197923015765E-10        136634.818667885                       0       -30710.9153170416       -149376.346307624 
                      0                    -3.2       -29451.1490594573       -144300.795257092   -4.51961158172008E-10        132061.863840765                       0       -29451.1490594573       -144300.795257092 
                      0                   -2.96       -28175.7138124374       -139227.327264803    -4.7155978531144E-10        127496.524964056                       0       -28175.7138124374       -139227.327264803 
                      0                   -2.72       -26868.9405641317       -134158.025391981   -4.90829196181774E-10        122946.417999065                       0       -26868.9405641317       -134158.025391981 
                      0                   -2.48        -25562.167315826        -129088.72351916   -5.10098607052107E-10        118396.311034074                       0        -25562.167315826        -129088.72351916 
                      0                   -2.24       -24247.1115897878       -124020.571727766   -5.29197423509666E-10        113850.567141675                       0       -24247.1115897878       -124020.571727766 
                      0                      -2       -22890.6434395426       -118958.170348452   -5.47443267171242E-10         109326.63863096                       0       -22890.6434395426       -118958.170348452 
                      0                   -1.76       -21534.1752892975       -113895.768969138   -5.65689110832818E-10        104802.710120245                       0       -21534.1752892975       -113895.768969138 
                      0                   -1.52       -20177.7071390524       -108833.367589823   -5.83934954494394E-10        100278.781609529                       0       -20177.7071390524       -108833.367589823 
                      0                   -1.28       -18768.8663566215       -103778.550091581   -6.00560638118004E-10        95785.9509585753                       0       -18768.8663566215       -103778.550091581 
                      0                   -1.04       -17360.0255700284       -98723.7325939405   -6.17186321612856E-10        91293.1203100924                       0       -17360.0255700284       -98723.7325939405 
                      0      -0.799999999999997       -15951.1847834353       -93668.9150963004   -6.33812005107708E-10        86800.2896616095                       0       -15951.1847834353       -93668.9150963004 
                      0      -0.560000000000002        -14496.473058898       -88621.0281082853   -6.48532253795297E-10        82340.1234856633                       0        -14496.473058898       -88621.0281082853 
                      0                   -0.32       -13032.5871441471       -83574.5272225916   -6.62871415412404E-10        77886.4902060933                       0       -13032.5871441471       -83574.5272225916 
                      0     -0.0799999999999983       -11568.7012293961       -78528.0263368978   -6.77210577029511E-10        73432.8569265233                       0       -11568.7012293961       -78528.0263368978 
                      0       0.160000000000004       -58326.7912633594       -191230.776542698   -2.87582167514408E-09        169756.824257342                       0       -58326.7912633594       -191230.776542698 
                      0       0.400000000000006         -55729.49911874       -185987.751746653   -2.34355667966236E-09        165324.773817618                       0         -55729.49911874       -185987.751746653 
                      0       0.640000000000001       -53424.8016459463       -180738.806396289   -1.84387068669631E-09        160825.420125593                       0       -53424.8016459463       -180738.806396289 
                      0       0.880000000000003       -51466.9912045792       -175484.563599527   -1.39579606391316E-09        156243.736990972                       0       -51466.9912045792       -175484.563599527 
                      0                    1.12        -49646.465422576       -170228.609353059   -9.70878794092339E-10        151629.196198683                       0        -49646.465422576       -170228.609353059 
                      0                    1.36       -47856.4472342742       -164972.687919122   -5.53807988331895E-10        147007.558847599                       0       -47856.4472342742       -164972.687919122 
                      0        1.59999999999999       -46375.8628922529       -159717.099297675   -2.16322664719907E-10        142313.942188528                       0       -46375.8628922529       -159717.099297675 
                      0                    1.84       -44895.2785502317       -154461.510676228    1.21162658892091E-10        137620.325529456                       0       -44895.2785502317       -154461.510676228 
                      0                    2.08       -43520.3514594484       -149210.734310538    4.04769411254457E-10        132906.800388709                       0       -43520.3514594484       -149210.734310538 
                      0                    2.32       -42212.6607356921       -143963.020286434    6.54089833535477E-10        128180.606226525                       0       -42212.6607356921       -143963.020286434 
                      0                    2.56       -40913.8780854425       -138717.179316512    8.91879798818368E-10        123454.341788065                       0       -40913.8780854425       -138717.179316512 
                      0                     2.8       -39673.4290082733       -133483.603842929     1.0541637912949E-09        118727.617152882                       0       -39673.4290082733       -133483.603842929 
                      0                    3.04        -38432.979931104       -128250.028369345    1.21644778377144E-09        114000.892517699                       0        -38432.979931104       -128250.028369345 
                      0                    3.28       -37199.6666642302        -123029.37051567    1.32389734720718E-09        109286.475480808                       0       -37199.6666642302        -123029.37051567 
                      0                    3.52       -35970.1311787675       -117815.551401023    1.40231692271833E-09        104578.574230368                       0       -35970.1311787675       -117815.551401023 
                      0                    3.76       -34738.9241184069       -112608.036036404    1.46265942858186E-09        99877.8518535013                       0       -34738.9241184069       -112608.036036404 
                      0                       4       -33499.8484346989       -107430.194385306    1.43790754085163E-09        95210.9226690806                       0       -33499.8484346989       -107430.194385306 
                      0                    4.24       -32260.7727509909       -102252.352734208     1.4131556531214E-09        90543.9934846599                       0       -32260.7727509909       -102252.352734208 
                      0                    4.48       -31021.6970672829       -97074.5110831105    1.38840376539117E-09        85877.0643002392                       0       -31021.6970672829       -97074.5110831105 
                      0                    4.72       -29782.6213835749       -91896.6694320127    1.36365187766095E-09        81210.1351158187                       0       -29782.6213835749       -91896.6694320127 
                      0                    4.96       -28562.0187207418       -86780.0189643792    1.23321909867645E-09        76607.5128442382                       0       -28562.0187207418       -86780.0189643792 
                      0                     5.2       -27341.6559591589         -81664.16316057    1.10141388699111E-09        72005.7256991317                       0       -27341.6559591589         -81664.16316057 
                      0                    5.44        -26121.293197576        -76548.307356761    9.69608675305784E-10        67403.9385540253                       0        -26121.293197576        -76548.307356761 
                      0                    5.68        -24900.930435993       -71432.4515529517    8.37803463620451E-10        62802.1514089188                       0        -24900.930435993       -71432.4515529517 
                      0                    5.92       -23734.4810178257       -66387.5111376301    6.50816540695751E-10        58278.2260080202                       0       -23734.4810178257       -66387.5111376301 
                      0                    6.16        -22581.582038839       -61360.3944111726    4.49960390328331E-10        53773.8701749232                       0        -22581.582038839       -61360.3944111726 
                      0        6.40000000000001       -21428.6830598522       -56333.2776847151     2.4910423996091E-10        49269.5143418263                       0       -21428.6830598522       -56333.2776847151 
                      0                    6.64       -20275.7840808655       -51306.1609582578    4.82480895934964E-11        44765.1585087294                       0       -20275.7840808655       -51306.1609582578 
                      0                    6.88       -19147.6142150621       -46357.4082324252   -1.62665961599881E-10        40382.4430634629                       0       -19147.6142150621       -46357.4082324252 
                      0                    7.12       -18035.1809962532       -41458.5233124359   -3.79980470166273E-10        36077.1348357281                       0       -18035.1809962532       -41458.5233124359 
                      0                    7.36       -16922.7477774442       -36559.6383924465    -5.9729497873267E-10        31771.8266079931                       0       -16922.7477774442       -36559.6383924465 
                      0        7.59999999999999       -15810.3145586352       -31660.7534724573   -8.14609487299061E-10        27466.5183802583                       0       -15810.3145586352       -31660.7534724573 
                      0                    7.84       -14629.8500370922       -26840.3120451483   -1.00983513889876E-09        23417.3074565401                       0       -14554.9044805263       -26915.2576017142 
                      0                    8.08       -13356.6156269809       -22126.8389365751   -1.17493964453994E-09        19717.3198668088                       0       -13104.5261044127       -22378.9284591433 
                      0                    8.32       -12083.3812168696       -17413.3658280019   -1.34004415018111E-09        16017.3322770776                       0       -11654.1477282992       -17842.5993165724 
                      0                    8.56       -10810.1468067584       -12699.8927194287   -1.50514865582229E-09        12317.3446873463                       0       -10203.7693521856       -13306.2701740015 
                      0                     8.8       -9468.02028840257       -8021.92324301776   -1.65346541719225E-09          8951.493312292                       0       -8021.92324301776       -9468.02028840257 
                      0                    9.04       -7865.17544071824       -3472.99342336514   -1.73955904931235E-09         7003.1100902611        69.0300445851463       -3542.02346795029       -7865.17544071824 
                      0                    9.28       -6070.41019800696        1006.64199869474   -1.78629491852679E-09        6752.15587189351        1006.64199869474                       0       -6070.41019800696 
                      0                    9.52       -4038.83272957499         5411.0801856647   -1.78783178531233E-09        8256.78493531687         5411.0801856647                       0       -4038.83272957499 
                      0                    9.76       -1719.88986525005        9734.01724585177   -1.73806292504062E-09        10710.9917034836        9734.01724585177        42.3363382962337       -1762.22620354629 
                      0                      10           942.970703125         13968.771484375   -1.63061009139653E-09        13521.9677734375         13968.771484375           942.970703125                       0 
