 variables="x","y","Stress-x","Stress-y","Stress-xy"
 title="Stresses along a path of modle suanli1 at STEP  1 SUB-STEP 1"
 variables="x","y","Stress-x","Stress-y","Stress-xy"
     0.0000000000E+00    -0.4440892099E-15    -0.3315839038E+05    -0.1985843595E+06    -0.2353385753E-09
     0.0000000000E+00     0.1000000000E+00    -0.3266256791E+05    -0.1987158294E+06    -0.2108354026E-09
     0.0000000000E+00     0.2000000000E+00    -0.3214828441E+05    -0.1988459345E+06    -0.1864252224E-09
     0.0000000000E+00     0.3000000000E+00    -0.3161784668E+05    -0.1989747504E+06    -0.1621559487E-09
     0.0000000000E+00     0.4000000000E+00    -0.3107345156E+05    -0.1991023526E+06    -0.1380735681E-09
     0.0000000000E+00     0.5000000000E+00    -0.3051718828E+05    -0.1992288167E+06    -0.1142221612E-09
     0.0000000000E+00     0.6000000000E+00    -0.2995104084E+05    -0.1993542181E+06    -0.9064392298E-10
     0.0000000000E+00     0.7000000000E+00    -0.2937689041E+05    -0.1994786323E+06    -0.6737918399E-10
     0.0000000000E+00     0.8000000000E+00    -0.2879651768E+05    -0.1996021348E+06    -0.4446643107E-10
     0.0000000000E+00     0.9000000000E+00    -0.2821160522E+05    -0.1997248005E+06    -0.2194232830E-10
     0.0000000000E+00     0.1000000000E+01    -0.2762373988E+05    -0.1998467044E+06     0.1582621536E-12
     0.0000000000E+00     0.1100000000E+01    -0.2703441519E+05    -0.1999679211E+06     0.2180225914E-10
     0.0000000000E+00     0.1200000000E+01    -0.2644503367E+05    -0.2000885248E+06     0.4295834165E-10
     0.0000000000E+00     0.1300000000E+01    -0.2585690923E+05    -0.2002085895E+06     0.6359692795E-10
     0.0000000000E+00     0.1400000000E+01    -0.2527126959E+05    -0.2003281884E+06     0.8369015469E-10
     0.0000000000E+00     0.1500000000E+01    -0.2468925857E+05    -0.2004473944E+06     0.1032118560E-09
     0.0000000000E+00     0.1600000000E+01    -0.2411193855E+05    -0.2005662799E+06     0.1221375428E-09
     0.0000000000E+00     0.1700000000E+01    -0.2354029279E+05    -0.2006849165E+06     0.1404443814E-09
     0.0000000000E+00     0.1800000000E+01    -0.2297522780E+05    -0.2008033751E+06     0.1581111735E-09
     0.0000000000E+00     0.1900000000E+01    -0.2241757577E+05    -0.2009217262E+06     0.1751183343E-09
     0.0000000000E+00     0.2000000000E+01    -0.2186809688E+05    -0.2010400390E+06     0.1914478724E-09
     0.0000000000E+00     0.2100000000E+01    -0.2132748171E+05    -0.2011583823E+06     0.2070833686E-09
     0.0000000000E+00     0.2200000000E+01    -0.2079635361E+05    -0.2012768238E+06     0.2220099550E-09
     0.0000000000E+00     0.2300000000E+01    -0.2027527108E+05    -0.2013954303E+06     0.2362142942E-09
     0.0000000000E+00     0.2400000000E+01    -0.1976473011E+05    -0.2015142676E+06     0.2496845585E-09
     0.0000000000E+00     0.2500000000E+01    -0.1926516662E+05    -0.2016334003E+06     0.2624104088E-09
     0.0000000000E+00     0.2600000000E+01    -0.1877695874E+05    -0.2017528920E+06     0.2743829738E-09
     0.0000000000E+00     0.2700000000E+01    -0.1830042930E+05    -0.2018728053E+06     0.2855948294E-09
     0.0000000000E+00     0.2800000000E+01    -0.1783584809E+05    -0.2019932013E+06     0.2960399774E-09
     0.0000000000E+00     0.2900000000E+01    -0.1738343433E+05    -0.2021141398E+06     0.3057138249E-09
     0.0000000000E+00     0.3000000000E+01    -0.1694335898E+05    -0.2022356796E+06     0.3146131632E-09
     0.0000000000E+00     0.3100000000E+01    -0.1651574714E+05    -0.2023578778E+06     0.3227361472E-09
     0.0000000000E+00     0.3200000000E+01    -0.1610068042E+05    -0.2024807902E+06     0.3300822744E-09
     0.0000000000E+00     0.3300000000E+01    -0.1569819932E+05    -0.2026044710E+06     0.3366523638E-09
     0.0000000000E+00     0.3400000000E+01    -0.1530830560E+05    -0.2027289729E+06     0.3424485355E-09
     0.0000000000E+00     0.3500000000E+01    -0.1493096465E+05    -0.2028543471E+06     0.3474741892E-09
     0.0000000000E+00     0.3600000000E+01    -0.1456610788E+05    -0.2029806430E+06     0.3517339840E-09
     0.0000000000E+00     0.3700000000E+01    -0.1421363508E+05    -0.2031079082E+06     0.3552338170E-09
     0.0000000000E+00     0.3800000000E+01    -0.1387341677E+05    -0.2032361889E+06     0.3579808027E-09
     0.0000000000E+00     0.3900000000E+01    -0.1354529665E+05    -0.2033655290E+06     0.3599832518E-09
     0.0000000000E+00     0.4000000000E+01    -0.1322909390E+05    -0.2034959709E+06     0.3612506509E-09
     0.0000000000E+00     0.4100000000E+01    -0.1292460558E+05    -0.2036275549E+06     0.3617936410E-09
     0.0000000000E+00     0.4200000000E+01    -0.1263160901E+05    -0.2037603192E+06     0.3616239970E-09
     0.0000000000E+00     0.4300000000E+01    -0.1234986413E+05    -0.2038943002E+06     0.3607546066E-09
     0.0000000000E+00     0.4400000000E+01    -0.1207911592E+05    -0.2040295320E+06     0.3591994498E-09
     0.0000000000E+00     0.4500000000E+01    -0.1181909669E+05    -0.2041660468E+06     0.3569735776E-09
     0.0000000000E+00     0.4600000000E+01    -0.1156952854E+05    -0.2043038742E+06     0.3540930911E-09
     0.0000000000E+00     0.4700000000E+01    -0.1133012568E+05    -0.2044430419E+06     0.3505751211E-09
     0.0000000000E+00     0.4800000000E+01    -0.1110059683E+05    -0.2045835751E+06     0.3464378067E-09
     0.0000000000E+00     0.4900000000E+01    -0.1088064759E+05    -0.2047254968E+06     0.3417002748E-09
     0.0000000000E+00     0.5000000000E+01    -0.1066998279E+05    -0.2048688272E+06     0.3363826190E-09
     0.0000000000E+00     0.5100000000E+01    -0.1046830891E+05    -0.2050135845E+06     0.3305058788E-09
     0.0000000000E+00     0.5200000000E+01    -0.1027533642E+05    -0.2051597840E+06     0.3240920187E-09
     0.0000000000E+00     0.5300000000E+01    -0.1009078217E+05    -0.2053074386E+06     0.3171639072E-09
     0.0000000000E+00     0.5400000000E+01    -0.9914371743E+04    -0.2054565585E+06     0.3097452963E-09
     0.0000000000E+00     0.5500000000E+01    -0.9745841867E+04    -0.2056071512E+06     0.3018608003E-09
     0.0000000000E+00     0.5600000000E+01    -0.9584942753E+04    -0.2057592214E+06     0.2935358748E-09
     0.0000000000E+00     0.5700000000E+01    -0.9431440489E+04    -0.2059127711E+06     0.2847967963E-09
     0.0000000000E+00     0.5800000000E+01    -0.9285119409E+04    -0.2060677993E+06     0.2756706407E-09
     0.0000000000E+00     0.5900000000E+01    -0.9145784468E+04    -0.2062243023E+06     0.2661852632E-09
     0.0000000000E+00     0.6000000000E+01    -0.9013263617E+04    -0.2063822732E+06     0.2563692767E-09
     0.0000000000E+00     0.6100000000E+01    -0.8887410177E+04    -0.2065417022E+06     0.2462520310E-09
     0.0000000000E+00     0.6200000000E+01    -0.8768105211E+04    -0.2067025763E+06     0.2358635927E-09
     0.0000000000E+00     0.6300000000E+01    -0.8655259905E+04    -0.2068648795E+06     0.2252347232E-09
     0.0000000000E+00     0.6400000000E+01    -0.8548817934E+04    -0.2070285926E+06     0.2143968586E-09
     0.0000000000E+00     0.6500000000E+01    -0.8448757844E+04    -0.2071936931E+06     0.2033820887E-09
     0.0000000000E+00     0.6600000000E+01    -0.8355095421E+04    -0.2073601551E+06     0.1922231357E-09
     0.0000000000E+00     0.6700000000E+01    -0.8267886068E+04    -0.2075279496E+06     0.1809533339E-09
     0.0000000000E+00     0.6800000000E+01    -0.8187227180E+04    -0.2076970440E+06     0.1696066085E-09
     0.0000000000E+00     0.6900000000E+01    -0.8113260516E+04    -0.2078674023E+06     0.1582174548E-09
     0.0000000000E+00     0.7000000000E+01    -0.8046174576E+04    -0.2080389850E+06     0.1468209170E-09
     0.0000000000E+00     0.7100000000E+01    -0.7986206973E+04    -0.2082117489E+06     0.1354525681E-09
     0.0000000000E+00     0.7200000000E+01    -0.7933646809E+04    -0.2083856474E+06     0.1241484881E-09
     0.0000000000E+00     0.7300000000E+01    -0.7888837050E+04    -0.2085606300E+06     0.1129452440E-09
     0.0000000000E+00     0.7400000000E+01    -0.7852176900E+04    -0.2087366425E+06     0.1018798680E-09
     0.0000000000E+00     0.7500000000E+01    -0.7824124173E+04    -0.2089136271E+06     0.9098983748E-10
     0.0000000000E+00     0.7600000000E+01    -0.7805197670E+04    -0.2090915220E+06     0.8031305358E-10
     0.0000000000E+00     0.7700000000E+01    -0.7795979554E+04    -0.2092702615E+06     0.6988782053E-10
     0.0000000000E+00     0.7800000000E+01    -0.7797117723E+04    -0.2094497759E+06     0.5975282471E-10
     0.0000000000E+00     0.7900000000E+01    -0.7809328184E+04    -0.2096299917E+06     0.4994711382E-10
     0.0000000000E+00     0.8000000000E+01    -0.7833397429E+04    -0.2098108310E+06     0.4051007594E-10
     0.0000000000E+00     0.8100000000E+01    -0.7870184807E+04    -0.2099922121E+06     0.3148141870E-10
     0.0000000000E+00     0.8200000000E+01    -0.7920624902E+04    -0.2101740491E+06     0.2290114839E-10
     0.0000000000E+00     0.8300000000E+01    -0.7985729905E+04    -0.2103562515E+06     0.1480954907E-10
     0.0000000000E+00     0.8400000000E+01    -0.8066591988E+04    -0.2105387251E+06     0.7247161708E-11
     0.0000000000E+00     0.8500000000E+01    -0.8164385679E+04    -0.2107213708E+06     0.2547632831E-12
     0.0000000000E+00     0.8600000000E+01    -0.8280370239E+04    -0.2109040856E+06    -0.6126654079E-11
     0.0000000000E+00     0.8700000000E+01    -0.8415892033E+04    -0.2110867616E+06    -0.1185590399E-10
     0.0000000000E+00     0.8800000000E+01    -0.8572386905E+04    -0.2112692868E+06    -0.1689162667E-10
     0.0000000000E+00     0.8900000000E+01    -0.8751382553E+04    -0.2114515443E+06    -0.2119230985E-10
     0.0000000000E+00     0.9000000000E+01    -0.8954500904E+04    -0.2116334129E+06    -0.2471630961E-10
     0.0000000000E+00     0.9100000000E+01    -0.9183460490E+04    -0.2118147666E+06    -0.2742187129E-10
     0.0000000000E+00     0.9200000000E+01    -0.9440078816E+04    -0.2119954746E+06    -0.2926715035E-10
     0.0000000000E+00     0.9300000000E+01    -0.9726274742E+04    -0.2121754014E+06    -0.3021023328E-10
     0.0000000000E+00     0.9400000000E+01    -0.1004407085E+05    -0.2123544067E+06    -0.3020915844E-10
     0.0000000000E+00     0.9500000000E+01    -0.1039559584E+05    -0.2125323453E+06    -0.2922193693E-10
     0.0000000000E+00     0.9600000000E+01    -0.1078308685E+05    -0.2127090671E+06    -0.2720657354E-10
     0.0000000000E+00     0.9700000000E+01    -0.1120889191E+05    -0.2128844168E+06    -0.2412108754E-10
     0.0000000000E+00     0.9800000000E+01    -0.1167547225E+05    -0.2130582344E+06    -0.1992353362E-10
     0.0000000000E+00     0.9900000000E+01    -0.1218540470E+05    -0.2132303545E+06    -0.1457202274E-10
     0.0000000000E+00     0.1000000000E+02    -0.1274138407E+05    -0.2134006068E+06    -0.8024743006E-11
